function x = block_bc_gid()
% vector output from file: /projects/sierra/nightly/checkouts/scheduled/default/Salinas/util/Matlab.H
x = zeros(1030, 1);
x(1) = 689;
x(2) = 766;
x(3) = 802;
x(4) = 692;
x(5) = 693;
x(6) = 772;
x(7) = 838;
x(8) = 718;
x(9) = 767;
x(10) = 803;
x(11) = 773;
x(12) = 839;
x(13) = 768;
x(14) = 804;
x(15) = 774;
x(16) = 840;
x(17) = 726;
x(18) = 735;
x(19) = 733;
x(20) = 765;
x(21) = 799;
x(22) = 691;
x(23) = 841;
x(24) = 719;
x(25) = 800;
x(26) = 842;
x(27) = 801;
x(28) = 843;
x(29) = 736;
x(30) = 764;
x(31) = 796;
x(32) = 690;
x(33) = 844;
x(34) = 720;
x(35) = 797;
x(36) = 845;
x(37) = 798;
x(38) = 846;
x(39) = 737;
x(40) = 763;
x(41) = 793;
x(42) = 681;
x(43) = 826;
x(44) = 688;
x(45) = 794;
x(46) = 827;
x(47) = 795;
x(48) = 828;
x(49) = 734;
x(50) = 738;
x(51) = 694;
x(52) = 775;
x(53) = 847;
x(54) = 715;
x(55) = 776;
x(56) = 848;
x(57) = 777;
x(58) = 849;
x(59) = 732;
x(60) = 762;
x(61) = 850;
x(62) = 716;
x(63) = 851;
x(64) = 852;
x(65) = 761;
x(66) = 853;
x(67) = 717;
x(68) = 854;
x(69) = 855;
x(70) = 760;
x(71) = 823;
x(72) = 687;
x(73) = 824;
x(74) = 825;
x(75) = 739;
x(76) = 695;
x(77) = 778;
x(78) = 856;
x(79) = 712;
x(80) = 779;
x(81) = 857;
x(82) = 780;
x(83) = 858;
x(84) = 731;
x(85) = 759;
x(86) = 859;
x(87) = 713;
x(88) = 860;
x(89) = 861;
x(90) = 758;
x(91) = 862;
x(92) = 714;
x(93) = 863;
x(94) = 864;
x(95) = 757;
x(96) = 820;
x(97) = 686;
x(98) = 821;
x(99) = 822;
x(100) = 740;
x(101) = 696;
x(102) = 781;
x(103) = 865;
x(104) = 709;
x(105) = 782;
x(106) = 866;
x(107) = 783;
x(108) = 867;
x(109) = 730;
x(110) = 756;
x(111) = 868;
x(112) = 710;
x(113) = 869;
x(114) = 870;
x(115) = 755;
x(116) = 871;
x(117) = 711;
x(118) = 872;
x(119) = 873;
x(120) = 754;
x(121) = 817;
x(122) = 685;
x(123) = 818;
x(124) = 819;
x(125) = 741;
x(126) = 697;
x(127) = 784;
x(128) = 874;
x(129) = 706;
x(130) = 785;
x(131) = 875;
x(132) = 786;
x(133) = 876;
x(134) = 729;
x(135) = 753;
x(136) = 877;
x(137) = 707;
x(138) = 878;
x(139) = 879;
x(140) = 752;
x(141) = 880;
x(142) = 708;
x(143) = 881;
x(144) = 882;
x(145) = 751;
x(146) = 814;
x(147) = 684;
x(148) = 815;
x(149) = 816;
x(150) = 742;
x(151) = 698;
x(152) = 787;
x(153) = 883;
x(154) = 703;
x(155) = 788;
x(156) = 884;
x(157) = 789;
x(158) = 885;
x(159) = 728;
x(160) = 750;
x(161) = 886;
x(162) = 704;
x(163) = 887;
x(164) = 888;
x(165) = 749;
x(166) = 889;
x(167) = 705;
x(168) = 890;
x(169) = 891;
x(170) = 748;
x(171) = 811;
x(172) = 683;
x(173) = 812;
x(174) = 813;
x(175) = 743;
x(176) = 699;
x(177) = 790;
x(178) = 892;
x(179) = 700;
x(180) = 791;
x(181) = 893;
x(182) = 792;
x(183) = 894;
x(184) = 727;
x(185) = 747;
x(186) = 895;
x(187) = 701;
x(188) = 896;
x(189) = 897;
x(190) = 746;
x(191) = 898;
x(192) = 702;
x(193) = 899;
x(194) = 900;
x(195) = 745;
x(196) = 808;
x(197) = 682;
x(198) = 809;
x(199) = 810;
x(200) = 744;
x(201) = 676;
x(202) = 769;
x(203) = 829;
x(204) = 678;
x(205) = 770;
x(206) = 830;
x(207) = 771;
x(208) = 831;
x(209) = 722;
x(210) = 725;
x(211) = 832;
x(212) = 679;
x(213) = 833;
x(214) = 834;
x(215) = 724;
x(216) = 835;
x(217) = 680;
x(218) = 836;
x(219) = 837;
x(220) = 723;
x(221) = 805;
x(222) = 677;
x(223) = 806;
x(224) = 807;
x(225) = 721;
x(226) = 560;
x(227) = 902;
x(228) = 1017;
x(229) = 616;
x(230) = 567;
x(231) = 922;
x(232) = 1038;
x(233) = 625;
x(234) = 903;
x(235) = 1020;
x(236) = 925;
x(237) = 1039;
x(238) = 904;
x(239) = 1023;
x(240) = 928;
x(241) = 1040;
x(242) = 905;
x(243) = 1026;
x(244) = 931;
x(245) = 1041;
x(246) = 906;
x(247) = 1029;
x(248) = 934;
x(249) = 1042;
x(250) = 907;
x(251) = 1032;
x(252) = 937;
x(253) = 1043;
x(254) = 908;
x(255) = 1035;
x(256) = 940;
x(257) = 1044;
x(258) = 901;
x(259) = 1005;
x(260) = 910;
x(261) = 1008;
x(262) = 1018;
x(263) = 617;
x(264) = 1045;
x(265) = 626;
x(266) = 1021;
x(267) = 1046;
x(268) = 1024;
x(269) = 1047;
x(270) = 1027;
x(271) = 1048;
x(272) = 1030;
x(273) = 1049;
x(274) = 1033;
x(275) = 1050;
x(276) = 1036;
x(277) = 1051;
x(278) = 1006;
x(279) = 1009;
x(280) = 1019;
x(281) = 618;
x(282) = 1052;
x(283) = 627;
x(284) = 1022;
x(285) = 1053;
x(286) = 1025;
x(287) = 1054;
x(288) = 1028;
x(289) = 1055;
x(290) = 1031;
x(291) = 1056;
x(292) = 1034;
x(293) = 1057;
x(294) = 1037;
x(295) = 1058;
x(296) = 1007;
x(297) = 1010;
x(298) = 959;
x(299) = 596;
x(300) = 960;
x(301) = 597;
x(302) = 958;
x(303) = 963;
x(304) = 957;
x(305) = 966;
x(306) = 956;
x(307) = 969;
x(308) = 955;
x(309) = 972;
x(310) = 954;
x(311) = 975;
x(312) = 953;
x(313) = 978;
x(314) = 949;
x(315) = 952;
x(316) = 566;
x(317) = 921;
x(318) = 1059;
x(319) = 622;
x(320) = 924;
x(321) = 1060;
x(322) = 927;
x(323) = 1061;
x(324) = 930;
x(325) = 1062;
x(326) = 933;
x(327) = 1063;
x(328) = 936;
x(329) = 1064;
x(330) = 939;
x(331) = 1065;
x(332) = 911;
x(333) = 1011;
x(334) = 1066;
x(335) = 623;
x(336) = 1067;
x(337) = 1068;
x(338) = 1069;
x(339) = 1070;
x(340) = 1071;
x(341) = 1072;
x(342) = 1012;
x(343) = 1073;
x(344) = 624;
x(345) = 1074;
x(346) = 1075;
x(347) = 1076;
x(348) = 1077;
x(349) = 1078;
x(350) = 1079;
x(351) = 1013;
x(352) = 961;
x(353) = 598;
x(354) = 964;
x(355) = 967;
x(356) = 970;
x(357) = 973;
x(358) = 976;
x(359) = 979;
x(360) = 951;
x(361) = 565;
x(362) = 920;
x(363) = 1080;
x(364) = 619;
x(365) = 923;
x(366) = 1081;
x(367) = 926;
x(368) = 1082;
x(369) = 929;
x(370) = 1083;
x(371) = 932;
x(372) = 1084;
x(373) = 935;
x(374) = 1085;
x(375) = 938;
x(376) = 1086;
x(377) = 912;
x(378) = 1014;
x(379) = 1087;
x(380) = 620;
x(381) = 1088;
x(382) = 1089;
x(383) = 1090;
x(384) = 1091;
x(385) = 1092;
x(386) = 1093;
x(387) = 1015;
x(388) = 1094;
x(389) = 621;
x(390) = 1095;
x(391) = 1096;
x(392) = 1097;
x(393) = 1098;
x(394) = 1099;
x(395) = 1100;
x(396) = 1016;
x(397) = 962;
x(398) = 599;
x(399) = 965;
x(400) = 968;
x(401) = 971;
x(402) = 974;
x(403) = 977;
x(404) = 980;
x(405) = 950;
x(406) = 536;
x(407) = 919;
x(408) = 1002;
x(409) = 541;
x(410) = 918;
x(411) = 999;
x(412) = 917;
x(413) = 996;
x(414) = 916;
x(415) = 993;
x(416) = 915;
x(417) = 990;
x(418) = 914;
x(419) = 987;
x(420) = 913;
x(421) = 984;
x(422) = 909;
x(423) = 981;
x(424) = 1003;
x(425) = 542;
x(426) = 1000;
x(427) = 997;
x(428) = 994;
x(429) = 991;
x(430) = 988;
x(431) = 985;
x(432) = 982;
x(433) = 1004;
x(434) = 543;
x(435) = 1001;
x(436) = 998;
x(437) = 995;
x(438) = 992;
x(439) = 989;
x(440) = 986;
x(441) = 983;
x(442) = 942;
x(443) = 527;
x(444) = 943;
x(445) = 944;
x(446) = 945;
x(447) = 946;
x(448) = 947;
x(449) = 948;
x(450) = 941;
x(451) = 580;
x(452) = 586;
x(453) = 630;
x(454) = 603;
x(455) = 581;
x(456) = 595;
x(457) = 640;
x(458) = 612;
x(459) = 585;
x(460) = 629;
x(461) = 594;
x(462) = 641;
x(463) = 584;
x(464) = 628;
x(465) = 593;
x(466) = 642;
x(467) = 556;
x(468) = 561;
x(469) = 559;
x(470) = 579;
x(471) = 633;
x(472) = 602;
x(473) = 643;
x(474) = 613;
x(475) = 632;
x(476) = 644;
x(477) = 631;
x(478) = 645;
x(479) = 562;
x(480) = 578;
x(481) = 636;
x(482) = 601;
x(483) = 646;
x(484) = 614;
x(485) = 635;
x(486) = 647;
x(487) = 634;
x(488) = 648;
x(489) = 563;
x(490) = 577;
x(491) = 639;
x(492) = 600;
x(493) = 649;
x(494) = 615;
x(495) = 638;
x(496) = 650;
x(497) = 637;
x(498) = 651;
x(499) = 564;
x(500) = 576;
x(501) = 582;
x(502) = 592;
x(503) = 652;
x(504) = 608;
x(505) = 591;
x(506) = 653;
x(507) = 590;
x(508) = 654;
x(509) = 558;
x(510) = 575;
x(511) = 655;
x(512) = 609;
x(513) = 656;
x(514) = 657;
x(515) = 574;
x(516) = 658;
x(517) = 610;
x(518) = 659;
x(519) = 660;
x(520) = 573;
x(521) = 661;
x(522) = 611;
x(523) = 662;
x(524) = 663;
x(525) = 572;
x(526) = 583;
x(527) = 589;
x(528) = 664;
x(529) = 604;
x(530) = 588;
x(531) = 665;
x(532) = 587;
x(533) = 666;
x(534) = 557;
x(535) = 571;
x(536) = 667;
x(537) = 605;
x(538) = 668;
x(539) = 669;
x(540) = 570;
x(541) = 670;
x(542) = 606;
x(543) = 671;
x(544) = 672;
x(545) = 569;
x(546) = 673;
x(547) = 607;
x(548) = 674;
x(549) = 675;
x(550) = 568;
x(551) = 526;
x(552) = 535;
x(553) = 547;
x(554) = 528;
x(555) = 534;
x(556) = 551;
x(557) = 533;
x(558) = 555;
x(559) = 532;
x(560) = 540;
x(561) = 546;
