function x = block_c_gid()
% vector output from file: /projects/sierra/nightly/checkouts/scheduled/default/Salinas/util/Matlab.H
x = zeros(630, 1);
x(1) = 580;
x(2) = 586;
x(3) = 630;
x(4) = 603;
x(5) = 581;
x(6) = 595;
x(7) = 640;
x(8) = 612;
x(9) = 585;
x(10) = 629;
x(11) = 594;
x(12) = 641;
x(13) = 584;
x(14) = 628;
x(15) = 593;
x(16) = 642;
x(17) = 556;
x(18) = 561;
x(19) = 559;
x(20) = 579;
x(21) = 633;
x(22) = 602;
x(23) = 643;
x(24) = 613;
x(25) = 632;
x(26) = 644;
x(27) = 631;
x(28) = 645;
x(29) = 562;
x(30) = 578;
x(31) = 636;
x(32) = 601;
x(33) = 646;
x(34) = 614;
x(35) = 635;
x(36) = 647;
x(37) = 634;
x(38) = 648;
x(39) = 563;
x(40) = 577;
x(41) = 639;
x(42) = 600;
x(43) = 649;
x(44) = 615;
x(45) = 638;
x(46) = 650;
x(47) = 637;
x(48) = 651;
x(49) = 564;
x(50) = 576;
x(51) = 618;
x(52) = 596;
x(53) = 627;
x(54) = 597;
x(55) = 617;
x(56) = 626;
x(57) = 616;
x(58) = 625;
x(59) = 560;
x(60) = 567;
x(61) = 582;
x(62) = 592;
x(63) = 652;
x(64) = 608;
x(65) = 591;
x(66) = 653;
x(67) = 590;
x(68) = 654;
x(69) = 558;
x(70) = 575;
x(71) = 655;
x(72) = 609;
x(73) = 656;
x(74) = 657;
x(75) = 574;
x(76) = 658;
x(77) = 610;
x(78) = 659;
x(79) = 660;
x(80) = 573;
x(81) = 661;
x(82) = 611;
x(83) = 662;
x(84) = 663;
x(85) = 572;
x(86) = 624;
x(87) = 598;
x(88) = 623;
x(89) = 622;
x(90) = 566;
x(91) = 583;
x(92) = 589;
x(93) = 664;
x(94) = 604;
x(95) = 588;
x(96) = 665;
x(97) = 587;
x(98) = 666;
x(99) = 557;
x(100) = 571;
x(101) = 667;
x(102) = 605;
x(103) = 668;
x(104) = 669;
x(105) = 570;
x(106) = 670;
x(107) = 606;
x(108) = 671;
x(109) = 672;
x(110) = 569;
x(111) = 673;
x(112) = 607;
x(113) = 674;
x(114) = 675;
x(115) = 568;
x(116) = 621;
x(117) = 599;
x(118) = 620;
x(119) = 619;
x(120) = 565;
x(121) = 526;
x(122) = 535;
x(123) = 547;
x(124) = 528;
x(125) = 534;
x(126) = 551;
x(127) = 533;
x(128) = 555;
x(129) = 532;
x(130) = 540;
x(131) = 546;
x(132) = 529;
x(133) = 550;
x(134) = 554;
x(135) = 539;
x(136) = 545;
x(137) = 530;
x(138) = 549;
x(139) = 553;
x(140) = 538;
x(141) = 544;
x(142) = 531;
x(143) = 548;
x(144) = 552;
x(145) = 537;
x(146) = 543;
x(147) = 527;
x(148) = 542;
x(149) = 541;
x(150) = 536;
x(151) = 1106;
x(152) = 1153;
x(153) = 1154;
x(154) = 1113;
x(155) = 1107;
x(156) = 1183;
x(157) = 1190;
x(158) = 1125;
x(159) = 1152;
x(160) = 1158;
x(161) = 1186;
x(162) = 1191;
x(163) = 1151;
x(164) = 1162;
x(165) = 1189;
x(166) = 1192;
x(167) = 1146;
x(168) = 1150;
x(169) = 1166;
x(170) = 1178;
x(171) = 1155;
x(172) = 1112;
x(173) = 1193;
x(174) = 1124;
x(175) = 1159;
x(176) = 1194;
x(177) = 1163;
x(178) = 1195;
x(179) = 1149;
x(180) = 1175;
x(181) = 1156;
x(182) = 1111;
x(183) = 1196;
x(184) = 1123;
x(185) = 1160;
x(186) = 1197;
x(187) = 1164;
x(188) = 1198;
x(189) = 1148;
x(190) = 1172;
x(191) = 1157;
x(192) = 1110;
x(193) = 1199;
x(194) = 1122;
x(195) = 1161;
x(196) = 1200;
x(197) = 1165;
x(198) = 1201;
x(199) = 1147;
x(200) = 1169;
x(201) = 680;
x(202) = 677;
x(203) = 835;
x(204) = 805;
x(205) = 679;
x(206) = 832;
x(207) = 678;
x(208) = 829;
x(209) = 676;
x(210) = 769;
x(211) = 1108;
x(212) = 1182;
x(213) = 1202;
x(214) = 1121;
x(215) = 1185;
x(216) = 1203;
x(217) = 1188;
x(218) = 1204;
x(219) = 1167;
x(220) = 1179;
x(221) = 1205;
x(222) = 1120;
x(223) = 1206;
x(224) = 1207;
x(225) = 1176;
x(226) = 1208;
x(227) = 1119;
x(228) = 1209;
x(229) = 1210;
x(230) = 1173;
x(231) = 1211;
x(232) = 1118;
x(233) = 1212;
x(234) = 1213;
x(235) = 1170;
x(236) = 836;
x(237) = 806;
x(238) = 833;
x(239) = 830;
x(240) = 770;
x(241) = 1109;
x(242) = 1181;
x(243) = 1214;
x(244) = 1117;
x(245) = 1184;
x(246) = 1215;
x(247) = 1187;
x(248) = 1216;
x(249) = 1168;
x(250) = 1180;
x(251) = 1217;
x(252) = 1116;
x(253) = 1218;
x(254) = 1219;
x(255) = 1177;
x(256) = 1220;
x(257) = 1115;
x(258) = 1221;
x(259) = 1222;
x(260) = 1174;
x(261) = 1223;
x(262) = 1114;
x(263) = 1224;
x(264) = 1225;
x(265) = 1171;
x(266) = 837;
x(267) = 807;
x(268) = 834;
x(269) = 831;
x(270) = 771;
x(271) = 1101;
x(272) = 1127;
x(273) = 1137;
x(274) = 1102;
x(275) = 1128;
x(276) = 1141;
x(277) = 1129;
x(278) = 1145;
x(279) = 1126;
x(280) = 1130;
x(281) = 1136;
x(282) = 1103;
x(283) = 1140;
x(284) = 1144;
x(285) = 1131;
x(286) = 1135;
x(287) = 1104;
x(288) = 1139;
x(289) = 1143;
x(290) = 1132;
x(291) = 1134;
x(292) = 1105;
x(293) = 1138;
x(294) = 1142;
x(295) = 1133;
x(296) = 723;
x(297) = 721;
x(298) = 724;
x(299) = 725;
x(300) = 722;
x(301) = 1231;
x(302) = 1283;
x(303) = 1284;
x(304) = 1238;
x(305) = 1232;
x(306) = 1298;
x(307) = 1305;
x(308) = 1250;
x(309) = 1282;
x(310) = 1288;
x(311) = 1301;
x(312) = 1306;
x(313) = 1281;
x(314) = 1292;
x(315) = 1304;
x(316) = 1307;
x(317) = 1285;
x(318) = 1237;
x(319) = 1308;
x(320) = 1249;
x(321) = 1289;
x(322) = 1309;
x(323) = 1293;
x(324) = 1310;
x(325) = 1286;
x(326) = 1236;
x(327) = 1311;
x(328) = 1248;
x(329) = 1290;
x(330) = 1312;
x(331) = 1294;
x(332) = 1313;
x(333) = 1287;
x(334) = 1235;
x(335) = 1314;
x(336) = 1247;
x(337) = 1291;
x(338) = 1315;
x(339) = 1295;
x(340) = 1316;
x(341) = 1254;
x(342) = 111;
x(343) = 1257;
x(344) = 213;
x(345) = 1255;
x(346) = 1260;
x(347) = 1256;
x(348) = 1263;
x(349) = 1233;
x(350) = 1297;
x(351) = 1317;
x(352) = 1246;
x(353) = 1300;
x(354) = 1318;
x(355) = 1303;
x(356) = 1319;
x(357) = 1320;
x(358) = 1245;
x(359) = 1321;
x(360) = 1322;
x(361) = 1323;
x(362) = 1244;
x(363) = 1324;
x(364) = 1325;
x(365) = 1326;
x(366) = 1243;
x(367) = 1327;
x(368) = 1328;
x(369) = 1258;
x(370) = 212;
x(371) = 1261;
x(372) = 1264;
x(373) = 1234;
x(374) = 1296;
x(375) = 1329;
x(376) = 1242;
x(377) = 1299;
x(378) = 1330;
x(379) = 1302;
x(380) = 1331;
x(381) = 1332;
x(382) = 1241;
x(383) = 1333;
x(384) = 1334;
x(385) = 1335;
x(386) = 1240;
x(387) = 1336;
x(388) = 1337;
x(389) = 1338;
x(390) = 1239;
x(391) = 1339;
x(392) = 1340;
x(393) = 1259;
x(394) = 211;
x(395) = 1262;
x(396) = 1265;
x(397) = 1226;
x(398) = 1266;
x(399) = 1272;
x(400) = 1227;
x(401) = 1267;
x(402) = 1276;
x(403) = 1268;
x(404) = 1280;
x(405) = 1271;
x(406) = 1228;
x(407) = 1275;
x(408) = 1279;
x(409) = 1270;
x(410) = 1229;
x(411) = 1274;
x(412) = 1278;
x(413) = 1269;
x(414) = 1230;
x(415) = 1273;
x(416) = 1277;
x(417) = 1253;
x(418) = 26;
x(419) = 1252;
x(420) = 1251;
x(421) = 1383;
x(422) = 1395;
x(423) = 1420;
x(424) = 1405;
x(425) = 1394;
x(426) = 1421;
x(427) = 1393;
x(428) = 1422;
x(429) = 1392;
x(430) = 1423;
x(431) = 1366;
x(432) = 1380;
x(433) = 1424;
x(434) = 1406;
x(435) = 1425;
x(436) = 1426;
x(437) = 1427;
x(438) = 1379;
x(439) = 1428;
x(440) = 1407;
x(441) = 1429;
x(442) = 1430;
x(443) = 1431;
x(444) = 1378;
x(445) = 1416;
x(446) = 1396;
x(447) = 1417;
x(448) = 1418;
x(449) = 1419;
x(450) = 1371;
x(451) = 1382;
x(452) = 1391;
x(453) = 1432;
x(454) = 1402;
x(455) = 1390;
x(456) = 1433;
x(457) = 1389;
x(458) = 1434;
x(459) = 1388;
x(460) = 1435;
x(461) = 1367;
x(462) = 1377;
x(463) = 1436;
x(464) = 1403;
x(465) = 1437;
x(466) = 1438;
x(467) = 1439;
x(468) = 1376;
x(469) = 1440;
x(470) = 1404;
x(471) = 1441;
x(472) = 1442;
x(473) = 1443;
x(474) = 1375;
x(475) = 1412;
x(476) = 1397;
x(477) = 1413;
x(478) = 1414;
x(479) = 1415;
x(480) = 1370;
x(481) = 1381;
x(482) = 1387;
x(483) = 1444;
x(484) = 1399;
x(485) = 1386;
x(486) = 1445;
x(487) = 1385;
x(488) = 1446;
x(489) = 1384;
x(490) = 1447;
x(491) = 1368;
x(492) = 1374;
x(493) = 1448;
x(494) = 1400;
x(495) = 1449;
x(496) = 1450;
x(497) = 1451;
x(498) = 1373;
x(499) = 1452;
x(500) = 1401;
x(501) = 1453;
x(502) = 1454;
x(503) = 1455;
x(504) = 1372;
x(505) = 1408;
x(506) = 1398;
x(507) = 1409;
x(508) = 1410;
x(509) = 1411;
x(510) = 1369;
x(511) = 1341;
x(512) = 1349;
x(513) = 1356;
x(514) = 1343;
x(515) = 1348;
x(516) = 1359;
x(517) = 1347;
x(518) = 1362;
x(519) = 1346;
x(520) = 1365;
x(521) = 131;
x(522) = 276;
x(523) = 1355;
x(524) = 1344;
x(525) = 1358;
x(526) = 1361;
x(527) = 1364;
x(528) = 275;
x(529) = 1354;
x(530) = 1345;
x(531) = 1357;
x(532) = 1360;
x(533) = 1363;
x(534) = 274;
x(535) = 1350;
x(536) = 1342;
x(537) = 1351;
x(538) = 1352;
x(539) = 1353;
x(540) = 6;
x(541) = 134;
x(542) = 279;
x(543) = 1486;
