function x = ASetMap_a()
% vector output from file: /projects/sierra/nightly/checkouts/scheduled/default/Salinas/util/Matlab.H
x = zeros(5670, 1);
x(1) = 1;
x(2) = 2;
x(3) = 3;
x(10) = 4;
x(11) = 5;
x(12) = 6;
x(19) = 7;
x(20) = 8;
x(21) = 9;
x(28) = 10;
x(29) = 11;
x(30) = 12;
x(37) = 13;
x(38) = 14;
x(39) = 15;
x(46) = 16;
x(47) = 17;
x(48) = 18;
x(55) = 19;
x(56) = 20;
x(57) = 21;
x(64) = 22;
x(65) = 23;
x(66) = 24;
x(73) = 25;
x(74) = 26;
x(75) = 27;
x(82) = 28;
x(83) = 29;
x(84) = 30;
x(91) = 31;
x(92) = 32;
x(93) = 33;
x(100) = 34;
x(101) = 35;
x(102) = 36;
x(109) = 37;
x(110) = 38;
x(111) = 39;
x(118) = 40;
x(119) = 41;
x(120) = 42;
x(127) = 43;
x(128) = 44;
x(129) = 45;
x(136) = 46;
x(137) = 47;
x(138) = 48;
x(145) = 49;
x(146) = 50;
x(147) = 51;
x(154) = 52;
x(155) = 53;
x(156) = 54;
x(163) = 55;
x(164) = 56;
x(165) = 57;
x(172) = 58;
x(173) = 59;
x(174) = 60;
x(181) = 61;
x(182) = 62;
x(183) = 63;
x(190) = 64;
x(191) = 65;
x(192) = 66;
x(199) = 67;
x(200) = 68;
x(201) = 69;
x(208) = 70;
x(209) = 71;
x(210) = 72;
x(217) = 73;
x(218) = 74;
x(219) = 75;
x(226) = 76;
x(227) = 77;
x(228) = 78;
x(235) = 79;
x(236) = 80;
x(237) = 81;
x(244) = 82;
x(245) = 83;
x(246) = 84;
x(253) = 85;
x(254) = 86;
x(255) = 87;
x(262) = 88;
x(263) = 89;
x(264) = 90;
x(271) = 91;
x(272) = 92;
x(273) = 93;
x(280) = 94;
x(281) = 95;
x(282) = 96;
x(289) = 97;
x(290) = 98;
x(291) = 99;
x(298) = 100;
x(299) = 101;
x(300) = 102;
x(307) = 103;
x(308) = 104;
x(309) = 105;
x(316) = 106;
x(317) = 107;
x(318) = 108;
x(325) = 109;
x(326) = 110;
x(327) = 111;
x(334) = 112;
x(335) = 113;
x(336) = 114;
x(343) = 115;
x(344) = 116;
x(345) = 117;
x(352) = 118;
x(353) = 119;
x(354) = 120;
x(361) = 121;
x(362) = 122;
x(363) = 123;
x(370) = 124;
x(371) = 125;
x(372) = 126;
x(379) = 127;
x(380) = 128;
x(381) = 129;
x(388) = 130;
x(389) = 131;
x(390) = 132;
x(397) = 133;
x(398) = 134;
x(399) = 135;
x(406) = 136;
x(407) = 137;
x(408) = 138;
x(415) = 139;
x(416) = 140;
x(417) = 141;
x(424) = 142;
x(425) = 143;
x(426) = 144;
x(433) = 145;
x(434) = 146;
x(435) = 147;
x(442) = 148;
x(443) = 149;
x(444) = 150;
x(451) = 151;
x(452) = 152;
x(453) = 153;
x(460) = 154;
x(461) = 155;
x(462) = 156;
x(469) = 157;
x(470) = 158;
x(471) = 159;
x(478) = 160;
x(479) = 161;
x(480) = 162;
x(487) = 163;
x(488) = 164;
x(489) = 165;
x(496) = 166;
x(497) = 167;
x(498) = 168;
x(505) = 169;
x(506) = 170;
x(507) = 171;
x(514) = 172;
x(515) = 173;
x(516) = 174;
x(523) = 175;
x(524) = 176;
x(525) = 177;
x(532) = 178;
x(533) = 179;
x(534) = 180;
x(541) = 181;
x(542) = 182;
x(543) = 183;
x(550) = 184;
x(551) = 185;
x(552) = 186;
x(559) = 187;
x(560) = 188;
x(561) = 189;
x(568) = 190;
x(569) = 191;
x(570) = 192;
x(577) = 193;
x(578) = 194;
x(579) = 195;
x(586) = 196;
x(587) = 197;
x(588) = 198;
x(595) = 199;
x(596) = 200;
x(597) = 201;
x(604) = 202;
x(605) = 203;
x(606) = 204;
x(613) = 205;
x(614) = 206;
x(615) = 207;
x(622) = 208;
x(623) = 209;
x(624) = 210;
x(631) = 211;
x(632) = 212;
x(633) = 213;
x(640) = 214;
x(641) = 215;
x(642) = 216;
x(649) = 217;
x(650) = 218;
x(651) = 219;
x(658) = 220;
x(659) = 221;
x(660) = 222;
x(667) = 223;
x(668) = 224;
x(669) = 225;
x(676) = 226;
x(677) = 227;
x(678) = 228;
x(685) = 229;
x(686) = 230;
x(687) = 231;
x(694) = 232;
x(695) = 233;
x(696) = 234;
x(703) = 235;
x(704) = 236;
x(705) = 237;
x(712) = 238;
x(713) = 239;
x(714) = 240;
x(721) = 241;
x(722) = 242;
x(723) = 243;
x(730) = 244;
x(731) = 245;
x(732) = 246;
x(739) = 247;
x(740) = 248;
x(741) = 249;
x(748) = 250;
x(749) = 251;
x(750) = 252;
x(757) = 253;
x(758) = 254;
x(759) = 255;
x(766) = 256;
x(767) = 257;
x(768) = 258;
x(775) = 259;
x(776) = 260;
x(777) = 261;
x(784) = 262;
x(785) = 263;
x(786) = 264;
x(793) = 265;
x(794) = 266;
x(795) = 267;
x(802) = 268;
x(803) = 269;
x(804) = 270;
x(811) = 271;
x(812) = 272;
x(813) = 273;
x(820) = 274;
x(821) = 275;
x(822) = 276;
x(829) = 277;
x(830) = 278;
x(831) = 279;
x(838) = 280;
x(839) = 281;
x(840) = 282;
x(847) = 283;
x(848) = 284;
x(849) = 285;
x(856) = 286;
x(857) = 287;
x(858) = 288;
x(865) = 289;
x(866) = 290;
x(867) = 291;
x(874) = 292;
x(875) = 293;
x(876) = 294;
x(883) = 295;
x(884) = 296;
x(885) = 297;
x(892) = 298;
x(893) = 299;
x(894) = 300;
x(901) = 301;
x(902) = 302;
x(903) = 303;
x(910) = 304;
x(911) = 305;
x(912) = 306;
x(919) = 307;
x(920) = 308;
x(921) = 309;
x(928) = 310;
x(929) = 311;
x(930) = 312;
x(937) = 313;
x(938) = 314;
x(939) = 315;
x(946) = 316;
x(947) = 317;
x(948) = 318;
x(955) = 319;
x(956) = 320;
x(957) = 321;
x(964) = 322;
x(965) = 323;
x(966) = 324;
x(973) = 325;
x(974) = 326;
x(975) = 327;
x(982) = 328;
x(983) = 329;
x(984) = 330;
x(991) = 331;
x(992) = 332;
x(993) = 333;
x(1000) = 334;
x(1001) = 335;
x(1002) = 336;
x(1009) = 337;
x(1010) = 338;
x(1011) = 339;
x(1018) = 340;
x(1019) = 341;
x(1020) = 342;
x(1027) = 343;
x(1028) = 344;
x(1029) = 345;
x(1036) = 346;
x(1037) = 347;
x(1038) = 348;
x(1045) = 349;
x(1046) = 350;
x(1047) = 351;
x(1054) = 352;
x(1055) = 353;
x(1056) = 354;
x(1063) = 355;
x(1064) = 356;
x(1065) = 357;
x(1072) = 358;
x(1073) = 359;
x(1074) = 360;
x(1081) = 361;
x(1082) = 362;
x(1083) = 363;
x(1090) = 364;
x(1091) = 365;
x(1092) = 366;
x(1099) = 367;
x(1100) = 368;
x(1101) = 369;
x(1108) = 370;
x(1109) = 371;
x(1110) = 372;
x(1117) = 373;
x(1118) = 374;
x(1119) = 375;
x(1126) = 376;
x(1127) = 377;
x(1128) = 378;
x(1135) = 379;
x(1136) = 380;
x(1137) = 381;
x(1144) = 382;
x(1145) = 383;
x(1146) = 384;
x(1153) = 385;
x(1154) = 386;
x(1155) = 387;
x(1162) = 388;
x(1163) = 389;
x(1164) = 390;
x(1171) = 391;
x(1172) = 392;
x(1173) = 393;
x(1180) = 394;
x(1181) = 395;
x(1182) = 396;
x(1189) = 397;
x(1190) = 398;
x(1191) = 399;
x(1198) = 400;
x(1199) = 401;
x(1200) = 402;
x(1207) = 403;
x(1208) = 404;
x(1209) = 405;
x(1216) = 406;
x(1217) = 407;
x(1218) = 408;
x(1225) = 409;
x(1226) = 410;
x(1227) = 411;
x(1234) = 412;
x(1235) = 413;
x(1236) = 414;
x(1243) = 415;
x(1244) = 416;
x(1245) = 417;
x(1252) = 418;
x(1253) = 419;
x(1254) = 420;
x(1261) = 421;
x(1262) = 422;
x(1263) = 423;
x(1270) = 424;
x(1271) = 425;
x(1272) = 426;
x(1279) = 427;
x(1280) = 428;
x(1281) = 429;
x(1288) = 430;
x(1289) = 431;
x(1290) = 432;
x(1297) = 433;
x(1298) = 434;
x(1299) = 435;
x(1306) = 436;
x(1307) = 437;
x(1308) = 438;
x(1315) = 439;
x(1316) = 440;
x(1317) = 441;
x(1324) = 442;
x(1325) = 443;
x(1326) = 444;
x(1333) = 445;
x(1334) = 446;
x(1335) = 447;
x(1342) = 448;
x(1343) = 449;
x(1344) = 450;
x(1351) = 451;
x(1352) = 452;
x(1353) = 453;
x(1360) = 454;
x(1361) = 455;
x(1362) = 456;
x(1369) = 457;
x(1370) = 458;
x(1371) = 459;
x(1378) = 460;
x(1379) = 461;
x(1380) = 462;
x(1387) = 463;
x(1388) = 464;
x(1389) = 465;
x(1396) = 466;
x(1397) = 467;
x(1398) = 468;
x(1405) = 469;
x(1406) = 470;
x(1407) = 471;
x(1414) = 472;
x(1415) = 473;
x(1416) = 474;
x(1423) = 475;
x(1424) = 476;
x(1425) = 477;
x(1432) = 478;
x(1433) = 479;
x(1434) = 480;
x(1441) = 481;
x(1442) = 482;
x(1443) = 483;
x(1450) = 484;
x(1451) = 485;
x(1452) = 486;
x(1459) = 487;
x(1460) = 488;
x(1461) = 489;
x(1468) = 490;
x(1469) = 491;
x(1470) = 492;
x(1477) = 493;
x(1478) = 494;
x(1479) = 495;
x(1486) = 496;
x(1487) = 497;
x(1488) = 498;
x(1495) = 499;
x(1496) = 500;
x(1497) = 501;
x(1504) = 502;
x(1505) = 503;
x(1506) = 504;
x(1513) = 505;
x(1514) = 506;
x(1515) = 507;
x(1522) = 508;
x(1523) = 509;
x(1524) = 510;
x(1531) = 511;
x(1532) = 512;
x(1533) = 513;
x(1540) = 514;
x(1541) = 515;
x(1542) = 516;
x(1549) = 517;
x(1550) = 518;
x(1551) = 519;
x(1558) = 520;
x(1559) = 521;
x(1560) = 522;
x(1567) = 523;
x(1568) = 524;
x(1569) = 525;
x(1576) = 526;
x(1577) = 527;
x(1578) = 528;
x(1585) = 529;
x(1586) = 530;
x(1587) = 531;
x(1594) = 532;
x(1595) = 533;
x(1596) = 534;
x(1603) = 535;
x(1604) = 536;
x(1605) = 537;
x(1612) = 538;
x(1613) = 539;
x(1614) = 540;
x(1621) = 541;
x(1622) = 542;
x(1623) = 543;
x(1630) = 544;
x(1631) = 545;
x(1632) = 546;
x(1639) = 547;
x(1640) = 548;
x(1641) = 549;
x(1648) = 550;
x(1649) = 551;
x(1650) = 552;
x(1657) = 553;
x(1658) = 554;
x(1659) = 555;
