function x = block_a2_gid()
% vector output from file: /projects/sierra/nightly/checkouts/scheduled/default/Salinas/util/Matlab.H
x = zeros(936, 1);
x(1) = 1562;
x(2) = 1843;
x(3) = 1963;
x(4) = 1566;
x(5) = 1567;
x(6) = 1851;
x(7) = 2083;
x(8) = 1683;
x(9) = 1844;
x(10) = 1964;
x(11) = 1852;
x(12) = 2084;
x(13) = 1845;
x(14) = 1965;
x(15) = 1853;
x(16) = 2085;
x(17) = 1846;
x(18) = 1966;
x(19) = 1854;
x(20) = 2086;
x(21) = 1693;
x(22) = 1719;
x(23) = 1717;
x(24) = 1842;
x(25) = 1959;
x(26) = 1565;
x(27) = 2087;
x(28) = 1684;
x(29) = 1960;
x(30) = 2088;
x(31) = 1961;
x(32) = 2089;
x(33) = 1962;
x(34) = 2090;
x(35) = 1720;
x(36) = 1841;
x(37) = 1955;
x(38) = 1564;
x(39) = 2091;
x(40) = 1685;
x(41) = 1956;
x(42) = 2092;
x(43) = 1957;
x(44) = 2093;
x(45) = 1958;
x(46) = 2094;
x(47) = 1721;
x(48) = 1840;
x(49) = 1951;
x(50) = 1563;
x(51) = 2095;
x(52) = 1686;
x(53) = 1952;
x(54) = 2096;
x(55) = 1953;
x(56) = 2097;
x(57) = 1954;
x(58) = 2098;
x(59) = 1722;
x(60) = 1839;
x(61) = 1947;
x(62) = 1537;
x(63) = 2063;
x(64) = 1561;
x(65) = 1948;
x(66) = 2064;
x(67) = 1949;
x(68) = 2065;
x(69) = 1950;
x(70) = 2066;
x(71) = 1718;
x(72) = 1723;
x(73) = 1568;
x(74) = 1855;
x(75) = 2099;
x(76) = 1679;
x(77) = 1856;
x(78) = 2100;
x(79) = 1857;
x(80) = 2101;
x(81) = 1858;
x(82) = 2102;
x(83) = 1716;
x(84) = 1838;
x(85) = 2103;
x(86) = 1680;
x(87) = 2104;
x(88) = 2105;
x(89) = 2106;
x(90) = 1837;
x(91) = 2107;
x(92) = 1681;
x(93) = 2108;
x(94) = 2109;
x(95) = 2110;
x(96) = 1836;
x(97) = 2111;
x(98) = 1682;
x(99) = 2112;
x(100) = 2113;
x(101) = 2114;
x(102) = 1835;
x(103) = 2059;
x(104) = 1560;
x(105) = 2060;
x(106) = 2061;
x(107) = 2062;
x(108) = 1724;
x(109) = 1569;
x(110) = 1859;
x(111) = 2115;
x(112) = 1675;
x(113) = 1860;
x(114) = 2116;
x(115) = 1861;
x(116) = 2117;
x(117) = 1862;
x(118) = 2118;
x(119) = 1715;
x(120) = 1834;
x(121) = 2119;
x(122) = 1676;
x(123) = 2120;
x(124) = 2121;
x(125) = 2122;
x(126) = 1833;
x(127) = 2123;
x(128) = 1677;
x(129) = 2124;
x(130) = 2125;
x(131) = 2126;
x(132) = 1832;
x(133) = 2127;
x(134) = 1678;
x(135) = 2128;
x(136) = 2129;
x(137) = 2130;
x(138) = 1831;
x(139) = 2055;
x(140) = 1559;
x(141) = 2056;
x(142) = 2057;
x(143) = 2058;
x(144) = 1725;
x(145) = 1570;
x(146) = 1863;
x(147) = 2131;
x(148) = 1671;
x(149) = 1864;
x(150) = 2132;
x(151) = 1865;
x(152) = 2133;
x(153) = 1866;
x(154) = 2134;
x(155) = 1714;
x(156) = 1830;
x(157) = 2135;
x(158) = 1672;
x(159) = 2136;
x(160) = 2137;
x(161) = 2138;
x(162) = 1829;
x(163) = 2139;
x(164) = 1673;
x(165) = 2140;
x(166) = 2141;
x(167) = 2142;
x(168) = 1828;
x(169) = 2143;
x(170) = 1674;
x(171) = 2144;
x(172) = 2145;
x(173) = 2146;
x(174) = 1827;
x(175) = 2051;
x(176) = 1558;
x(177) = 2052;
x(178) = 2053;
x(179) = 2054;
x(180) = 1726;
x(181) = 1571;
x(182) = 1867;
x(183) = 2147;
x(184) = 1667;
x(185) = 1868;
x(186) = 2148;
x(187) = 1869;
x(188) = 2149;
x(189) = 1870;
x(190) = 2150;
x(191) = 1713;
x(192) = 1826;
x(193) = 2151;
x(194) = 1668;
x(195) = 2152;
x(196) = 2153;
x(197) = 2154;
x(198) = 1825;
x(199) = 2155;
x(200) = 1669;
x(201) = 2156;
x(202) = 2157;
x(203) = 2158;
x(204) = 1824;
x(205) = 2159;
x(206) = 1670;
x(207) = 2160;
x(208) = 2161;
x(209) = 2162;
x(210) = 1823;
x(211) = 2047;
x(212) = 1557;
x(213) = 2048;
x(214) = 2049;
x(215) = 2050;
x(216) = 1727;
x(217) = 1572;
x(218) = 1871;
x(219) = 2163;
x(220) = 1663;
x(221) = 1872;
x(222) = 2164;
x(223) = 1873;
x(224) = 2165;
x(225) = 1874;
x(226) = 2166;
x(227) = 1712;
x(228) = 1822;
x(229) = 2167;
x(230) = 1664;
x(231) = 2168;
x(232) = 2169;
x(233) = 2170;
x(234) = 1821;
x(235) = 2171;
x(236) = 1665;
x(237) = 2172;
x(238) = 2173;
x(239) = 2174;
x(240) = 1820;
x(241) = 2175;
x(242) = 1666;
x(243) = 2176;
x(244) = 2177;
x(245) = 2178;
x(246) = 1819;
x(247) = 2043;
x(248) = 1556;
x(249) = 2044;
x(250) = 2045;
x(251) = 2046;
x(252) = 1728;
x(253) = 1573;
x(254) = 1875;
x(255) = 2179;
x(256) = 1659;
x(257) = 1876;
x(258) = 2180;
x(259) = 1877;
x(260) = 2181;
x(261) = 1878;
x(262) = 2182;
x(263) = 1711;
x(264) = 1818;
x(265) = 2183;
x(266) = 1660;
x(267) = 2184;
x(268) = 2185;
x(269) = 2186;
x(270) = 1817;
x(271) = 2187;
x(272) = 1661;
x(273) = 2188;
x(274) = 2189;
x(275) = 2190;
x(276) = 1816;
x(277) = 2191;
x(278) = 1662;
x(279) = 2192;
x(280) = 2193;
x(281) = 2194;
x(282) = 1815;
x(283) = 2039;
x(284) = 1555;
x(285) = 2040;
x(286) = 2041;
x(287) = 2042;
x(288) = 1729;
x(289) = 1574;
x(290) = 1879;
x(291) = 2195;
x(292) = 1655;
x(293) = 1880;
x(294) = 2196;
x(295) = 1881;
x(296) = 2197;
x(297) = 1882;
x(298) = 2198;
x(299) = 1710;
x(300) = 1814;
x(301) = 2199;
x(302) = 1656;
x(303) = 2200;
x(304) = 2201;
x(305) = 2202;
x(306) = 1813;
x(307) = 2203;
x(308) = 1657;
x(309) = 2204;
x(310) = 2205;
x(311) = 2206;
x(312) = 1812;
x(313) = 2207;
x(314) = 1658;
x(315) = 2208;
x(316) = 2209;
x(317) = 2210;
x(318) = 1811;
x(319) = 2035;
x(320) = 1554;
x(321) = 2036;
x(322) = 2037;
x(323) = 2038;
x(324) = 1730;
x(325) = 1575;
x(326) = 1883;
x(327) = 2211;
x(328) = 1651;
x(329) = 1884;
x(330) = 2212;
x(331) = 1885;
x(332) = 2213;
x(333) = 1886;
x(334) = 2214;
x(335) = 1709;
x(336) = 1810;
x(337) = 2215;
x(338) = 1652;
x(339) = 2216;
x(340) = 2217;
x(341) = 2218;
x(342) = 1809;
x(343) = 2219;
x(344) = 1653;
x(345) = 2220;
x(346) = 2221;
x(347) = 2222;
x(348) = 1808;
x(349) = 2223;
x(350) = 1654;
x(351) = 2224;
x(352) = 2225;
x(353) = 2226;
x(354) = 1807;
x(355) = 2031;
x(356) = 1553;
x(357) = 2032;
x(358) = 2033;
x(359) = 2034;
x(360) = 1731;
x(361) = 1576;
x(362) = 1887;
x(363) = 2227;
x(364) = 1647;
x(365) = 1888;
x(366) = 2228;
x(367) = 1889;
x(368) = 2229;
x(369) = 1890;
x(370) = 2230;
x(371) = 1708;
x(372) = 1806;
x(373) = 2231;
x(374) = 1648;
x(375) = 2232;
x(376) = 2233;
x(377) = 2234;
x(378) = 1805;
x(379) = 2235;
x(380) = 1649;
x(381) = 2236;
x(382) = 2237;
x(383) = 2238;
x(384) = 1804;
x(385) = 2239;
x(386) = 1650;
x(387) = 2240;
x(388) = 2241;
x(389) = 2242;
x(390) = 1803;
x(391) = 2027;
x(392) = 1552;
x(393) = 2028;
x(394) = 2029;
x(395) = 2030;
x(396) = 1732;
x(397) = 1577;
x(398) = 1891;
x(399) = 2243;
x(400) = 1643;
x(401) = 1892;
x(402) = 2244;
x(403) = 1893;
x(404) = 2245;
x(405) = 1894;
x(406) = 2246;
x(407) = 1707;
x(408) = 1802;
x(409) = 2247;
x(410) = 1644;
x(411) = 2248;
x(412) = 2249;
x(413) = 2250;
x(414) = 1801;
x(415) = 2251;
x(416) = 1645;
x(417) = 2252;
x(418) = 2253;
x(419) = 2254;
x(420) = 1800;
x(421) = 2255;
x(422) = 1646;
x(423) = 2256;
x(424) = 2257;
x(425) = 2258;
x(426) = 1799;
x(427) = 2023;
x(428) = 1551;
x(429) = 2024;
x(430) = 2025;
x(431) = 2026;
x(432) = 1733;
x(433) = 1578;
x(434) = 1895;
x(435) = 2259;
x(436) = 1639;
x(437) = 1896;
x(438) = 2260;
x(439) = 1897;
x(440) = 2261;
x(441) = 1898;
x(442) = 2262;
x(443) = 1706;
x(444) = 1798;
x(445) = 2263;
x(446) = 1640;
x(447) = 2264;
x(448) = 2265;
x(449) = 2266;
x(450) = 1797;
x(451) = 2267;
x(452) = 1641;
x(453) = 2268;
x(454) = 2269;
x(455) = 2270;
x(456) = 1796;
x(457) = 2271;
x(458) = 1642;
x(459) = 2272;
x(460) = 2273;
x(461) = 2274;
x(462) = 1795;
x(463) = 2019;
x(464) = 1550;
x(465) = 2020;
x(466) = 2021;
x(467) = 2022;
x(468) = 1734;
x(469) = 1579;
x(470) = 1899;
x(471) = 2275;
x(472) = 1635;
x(473) = 1900;
x(474) = 2276;
x(475) = 1901;
x(476) = 2277;
x(477) = 1902;
x(478) = 2278;
x(479) = 1705;
x(480) = 1794;
x(481) = 2279;
x(482) = 1636;
x(483) = 2280;
x(484) = 2281;
x(485) = 2282;
x(486) = 1793;
x(487) = 2283;
x(488) = 1637;
x(489) = 2284;
x(490) = 2285;
x(491) = 2286;
x(492) = 1792;
x(493) = 2287;
x(494) = 1638;
x(495) = 2288;
x(496) = 2289;
x(497) = 2290;
x(498) = 1791;
x(499) = 2015;
x(500) = 1549;
x(501) = 2016;
x(502) = 2017;
x(503) = 2018;
x(504) = 1735;
x(505) = 1580;
x(506) = 1903;
x(507) = 2291;
x(508) = 1631;
x(509) = 1904;
x(510) = 2292;
x(511) = 1905;
x(512) = 2293;
x(513) = 1906;
x(514) = 2294;
x(515) = 1704;
x(516) = 1790;
x(517) = 2295;
x(518) = 1632;
x(519) = 2296;
x(520) = 2297;
x(521) = 2298;
x(522) = 1789;
x(523) = 2299;
x(524) = 1633;
x(525) = 2300;
x(526) = 2301;
x(527) = 2302;
x(528) = 1788;
x(529) = 2303;
x(530) = 1634;
