function x = block_abc_gid()
% vector output from file: /projects/sierra/nightly/checkouts/scheduled/default/Salinas/util/Matlab.H
x = zeros(1530, 1);
x(1) = 26;
x(2) = 211;
x(3) = 283;
x(4) = 29;
x(5) = 30;
x(6) = 217;
x(7) = 355;
x(8) = 103;
x(9) = 212;
x(10) = 284;
x(11) = 218;
x(12) = 356;
x(13) = 213;
x(14) = 285;
x(15) = 219;
x(16) = 357;
x(17) = 111;
x(18) = 132;
x(19) = 130;
x(20) = 210;
x(21) = 280;
x(22) = 28;
x(23) = 358;
x(24) = 104;
x(25) = 281;
x(26) = 359;
x(27) = 282;
x(28) = 360;
x(29) = 133;
x(30) = 209;
x(31) = 277;
x(32) = 27;
x(33) = 361;
x(34) = 105;
x(35) = 278;
x(36) = 362;
x(37) = 279;
x(38) = 363;
x(39) = 134;
x(40) = 208;
x(41) = 274;
x(42) = 6;
x(43) = 343;
x(44) = 25;
x(45) = 275;
x(46) = 344;
x(47) = 276;
x(48) = 345;
x(49) = 131;
x(50) = 135;
x(51) = 31;
x(52) = 220;
x(53) = 364;
x(54) = 100;
x(55) = 221;
x(56) = 365;
x(57) = 222;
x(58) = 366;
x(59) = 129;
x(60) = 207;
x(61) = 367;
x(62) = 101;
x(63) = 368;
x(64) = 369;
x(65) = 206;
x(66) = 370;
x(67) = 102;
x(68) = 371;
x(69) = 372;
x(70) = 205;
x(71) = 340;
x(72) = 24;
x(73) = 341;
x(74) = 342;
x(75) = 136;
x(76) = 32;
x(77) = 223;
x(78) = 373;
x(79) = 97;
x(80) = 224;
x(81) = 374;
x(82) = 225;
x(83) = 375;
x(84) = 128;
x(85) = 204;
x(86) = 376;
x(87) = 98;
x(88) = 377;
x(89) = 378;
x(90) = 203;
x(91) = 379;
x(92) = 99;
x(93) = 380;
x(94) = 381;
x(95) = 202;
x(96) = 337;
x(97) = 23;
x(98) = 338;
x(99) = 339;
x(100) = 137;
x(101) = 33;
x(102) = 226;
x(103) = 382;
x(104) = 94;
x(105) = 227;
x(106) = 383;
x(107) = 228;
x(108) = 384;
x(109) = 127;
x(110) = 201;
x(111) = 385;
x(112) = 95;
x(113) = 386;
x(114) = 387;
x(115) = 200;
x(116) = 388;
x(117) = 96;
x(118) = 389;
x(119) = 390;
x(120) = 199;
x(121) = 334;
x(122) = 22;
x(123) = 335;
x(124) = 336;
x(125) = 138;
x(126) = 34;
x(127) = 229;
x(128) = 391;
x(129) = 91;
x(130) = 230;
x(131) = 392;
x(132) = 231;
x(133) = 393;
x(134) = 126;
x(135) = 198;
x(136) = 394;
x(137) = 92;
x(138) = 395;
x(139) = 396;
x(140) = 197;
x(141) = 397;
x(142) = 93;
x(143) = 398;
x(144) = 399;
x(145) = 196;
x(146) = 331;
x(147) = 21;
x(148) = 332;
x(149) = 333;
x(150) = 139;
x(151) = 35;
x(152) = 232;
x(153) = 400;
x(154) = 88;
x(155) = 233;
x(156) = 401;
x(157) = 234;
x(158) = 402;
x(159) = 125;
x(160) = 195;
x(161) = 403;
x(162) = 89;
x(163) = 404;
x(164) = 405;
x(165) = 194;
x(166) = 406;
x(167) = 90;
x(168) = 407;
x(169) = 408;
x(170) = 193;
x(171) = 328;
x(172) = 20;
x(173) = 329;
x(174) = 330;
x(175) = 140;
x(176) = 36;
x(177) = 235;
x(178) = 409;
x(179) = 85;
x(180) = 236;
x(181) = 410;
x(182) = 237;
x(183) = 411;
x(184) = 124;
x(185) = 192;
x(186) = 412;
x(187) = 86;
x(188) = 413;
x(189) = 414;
x(190) = 191;
x(191) = 415;
x(192) = 87;
x(193) = 416;
x(194) = 417;
x(195) = 190;
x(196) = 325;
x(197) = 19;
x(198) = 326;
x(199) = 327;
x(200) = 141;
x(201) = 37;
x(202) = 238;
x(203) = 418;
x(204) = 82;
x(205) = 239;
x(206) = 419;
x(207) = 240;
x(208) = 420;
x(209) = 123;
x(210) = 189;
x(211) = 421;
x(212) = 83;
x(213) = 422;
x(214) = 423;
x(215) = 188;
x(216) = 424;
x(217) = 84;
x(218) = 425;
x(219) = 426;
x(220) = 187;
x(221) = 322;
x(222) = 18;
x(223) = 323;
x(224) = 324;
x(225) = 142;
x(226) = 38;
x(227) = 241;
x(228) = 427;
x(229) = 79;
x(230) = 242;
x(231) = 428;
x(232) = 243;
x(233) = 429;
x(234) = 122;
x(235) = 186;
x(236) = 430;
x(237) = 80;
x(238) = 431;
x(239) = 432;
x(240) = 185;
x(241) = 433;
x(242) = 81;
x(243) = 434;
x(244) = 435;
x(245) = 184;
x(246) = 319;
x(247) = 17;
x(248) = 320;
x(249) = 321;
x(250) = 143;
x(251) = 39;
x(252) = 244;
x(253) = 436;
x(254) = 76;
x(255) = 245;
x(256) = 437;
x(257) = 246;
x(258) = 438;
x(259) = 121;
x(260) = 183;
x(261) = 439;
x(262) = 77;
x(263) = 440;
x(264) = 441;
x(265) = 182;
x(266) = 442;
x(267) = 78;
x(268) = 443;
x(269) = 444;
x(270) = 181;
x(271) = 316;
x(272) = 16;
x(273) = 317;
x(274) = 318;
x(275) = 144;
x(276) = 40;
x(277) = 247;
x(278) = 445;
x(279) = 73;
x(280) = 248;
x(281) = 446;
x(282) = 249;
x(283) = 447;
x(284) = 120;
x(285) = 180;
x(286) = 448;
x(287) = 74;
x(288) = 449;
x(289) = 450;
x(290) = 179;
x(291) = 451;
x(292) = 75;
x(293) = 452;
x(294) = 453;
x(295) = 178;
x(296) = 313;
x(297) = 15;
x(298) = 314;
x(299) = 315;
x(300) = 145;
x(301) = 41;
x(302) = 250;
x(303) = 454;
x(304) = 70;
x(305) = 251;
x(306) = 455;
x(307) = 252;
x(308) = 456;
x(309) = 119;
x(310) = 177;
x(311) = 457;
x(312) = 71;
x(313) = 458;
x(314) = 459;
x(315) = 176;
x(316) = 460;
x(317) = 72;
x(318) = 461;
x(319) = 462;
x(320) = 175;
x(321) = 310;
x(322) = 14;
x(323) = 311;
x(324) = 312;
x(325) = 146;
x(326) = 42;
x(327) = 253;
x(328) = 463;
x(329) = 67;
x(330) = 254;
x(331) = 464;
x(332) = 255;
x(333) = 465;
x(334) = 118;
x(335) = 174;
x(336) = 466;
x(337) = 68;
x(338) = 467;
x(339) = 468;
x(340) = 173;
x(341) = 469;
x(342) = 69;
x(343) = 470;
x(344) = 471;
x(345) = 172;
x(346) = 307;
x(347) = 13;
x(348) = 308;
x(349) = 309;
x(350) = 147;
x(351) = 43;
x(352) = 256;
x(353) = 472;
x(354) = 64;
x(355) = 257;
x(356) = 473;
x(357) = 258;
x(358) = 474;
x(359) = 117;
x(360) = 171;
x(361) = 475;
x(362) = 65;
x(363) = 476;
x(364) = 477;
x(365) = 170;
x(366) = 478;
x(367) = 66;
x(368) = 479;
x(369) = 480;
x(370) = 169;
x(371) = 304;
x(372) = 12;
x(373) = 305;
x(374) = 306;
x(375) = 148;
x(376) = 44;
x(377) = 259;
x(378) = 481;
x(379) = 61;
x(380) = 260;
x(381) = 482;
x(382) = 261;
x(383) = 483;
x(384) = 116;
x(385) = 168;
x(386) = 484;
x(387) = 62;
x(388) = 485;
x(389) = 486;
x(390) = 167;
x(391) = 487;
x(392) = 63;
x(393) = 488;
x(394) = 489;
x(395) = 166;
x(396) = 301;
x(397) = 11;
x(398) = 302;
x(399) = 303;
x(400) = 149;
x(401) = 45;
x(402) = 262;
x(403) = 490;
x(404) = 58;
x(405) = 263;
x(406) = 491;
x(407) = 264;
x(408) = 492;
x(409) = 115;
x(410) = 165;
x(411) = 493;
x(412) = 59;
x(413) = 494;
x(414) = 495;
x(415) = 164;
x(416) = 496;
x(417) = 60;
x(418) = 497;
x(419) = 498;
x(420) = 163;
x(421) = 298;
x(422) = 10;
x(423) = 299;
x(424) = 300;
x(425) = 150;
x(426) = 46;
x(427) = 265;
x(428) = 499;
x(429) = 55;
x(430) = 266;
x(431) = 500;
x(432) = 267;
x(433) = 501;
x(434) = 114;
x(435) = 162;
x(436) = 502;
x(437) = 56;
x(438) = 503;
x(439) = 504;
x(440) = 161;
x(441) = 505;
x(442) = 57;
x(443) = 506;
x(444) = 507;
x(445) = 160;
x(446) = 295;
x(447) = 9;
x(448) = 296;
x(449) = 297;
x(450) = 151;
x(451) = 47;
x(452) = 268;
x(453) = 508;
x(454) = 52;
x(455) = 269;
x(456) = 509;
x(457) = 270;
x(458) = 510;
x(459) = 113;
x(460) = 159;
x(461) = 511;
x(462) = 53;
x(463) = 512;
x(464) = 513;
x(465) = 158;
x(466) = 514;
x(467) = 54;
x(468) = 515;
x(469) = 516;
x(470) = 157;
x(471) = 292;
x(472) = 8;
x(473) = 293;
x(474) = 294;
x(475) = 152;
x(476) = 48;
x(477) = 271;
x(478) = 517;
x(479) = 49;
x(480) = 272;
x(481) = 518;
x(482) = 273;
x(483) = 519;
x(484) = 112;
x(485) = 156;
x(486) = 520;
x(487) = 50;
x(488) = 521;
x(489) = 522;
x(490) = 155;
x(491) = 523;
x(492) = 51;
x(493) = 524;
x(494) = 525;
x(495) = 154;
x(496) = 289;
x(497) = 7;
x(498) = 290;
x(499) = 291;
x(500) = 153;
x(501) = 1;
x(502) = 214;
x(503) = 346;
x(504) = 3;
x(505) = 215;
x(506) = 347;
x(507) = 216;
x(508) = 348;
x(509) = 107;
x(510) = 110;
x(511) = 349;
x(512) = 4;
x(513) = 350;
x(514) = 351;
x(515) = 109;
x(516) = 352;
x(517) = 5;
x(518) = 353;
x(519) = 354;
x(520) = 108;
x(521) = 286;
x(522) = 2;
x(523) = 287;
x(524) = 288;
x(525) = 106;
x(526) = 689;
x(527) = 766;
x(528) = 802;
x(529) = 692;
x(530) = 693;
x(531) = 772;
x(532) = 838;
x(533) = 718;
x(534) = 767;
x(535) = 803;
x(536) = 773;
x(537) = 839;
x(538) = 768;
x(539) = 804;
x(540) = 774;
x(541) = 840;
x(542) = 726;
x(543) = 735;
x(544) = 733;
x(545) = 765;
x(546) = 799;
x(547) = 691;
x(548) = 841;
x(549) = 719;
x(550) = 800;
x(551) = 842;
x(552) = 801;
x(553) = 843;
x(554) = 736;
x(555) = 764;
x(556) = 796;
x(557) = 690;
x(558) = 844;
x(559) = 720;
x(560) = 797;
x(561) = 845;
x(562) = 798;
x(563) = 846;
x(564) = 737;
x(565) = 763;
x(566) = 793;
x(567) = 681;
x(568) = 826;
x(569) = 688;
x(570) = 794;
x(571) = 827;
x(572) = 795;
x(573) = 828;
x(574) = 734;
x(575) = 738;
x(576) = 694;
